412681.63 291228.98
412475.3 291084.54
412353.56 291014.39
412306.1 290966.92
412194.68 290865.82
411996.6 290717.26
411707.73 290566.64
411443.63 290436.64
411406.48 290409.82
411379.66 290383
411354.9 290329.35
411332.2 290288.09
411299.19 290244.76
411222.85 290186.97
411103.17 290129.2
411033.02 290096.19
410958.74 290085.87
410824.63 290073.5
410746.22 290083.81
410645.12 290106.51
410539.88 290131.27
410484.17 290133.33
410422.27 290120.95
410319.11 290090
410248.95 290038.42
410193.24 290013.66
410118.96 289988.9
410026.11 289974.45
410001.35 289974.45