409999.28 289988.9
410075.62 289993.03
410174.67 290023.98
410339.74 290114.76
410426.39 290141.59
410496.55 290147.78
410605.9 290135.4
410709.07 290108.58
410818.43 290085.88
410913.34 290092.07
411026.83 290108.58
411152.69 290166.35
411249.67 290219.99
411297.13 290261.26
411346.65 290333.48
411377.6 290395.37
411416.8 290440.78
411503.46 290486.17
411674.72 290572.83
411852.17 290659.49
411973.91 290719.32
412060.57 290787.41
412176.12 290872.02
412266.9 290942.17
412332.93 291018.51
412401.02 291057.71
412570.21 291179.45
412582.59 291185.64